hi <- c(1,2,3)
1E4
1e4
5e-2
1E4^2
10000*10000
